2.536903e-04
1.990429e-04
1.958976e-04
2.098414e-04
1.906253e-04
1.897836e-04
1.898197e-04
1.880322e-04
1.921089e-04
1.853030e-04
1.860129e-04
1.847639e-04
1.851501e-04
1.862012e-04
1.864099e-04
1.825299e-04
2.026288e-04
1.832505e-04
1.871189e-04
1.830644e-04
1.863140e-04
1.874289e-04
1.832017e-04
1.976845e-04
1.845807e-04
1.806012e-04
1.814001e-04
1.783170e-04
1.782595e-04
1.781261e-04
1.870877e-04
1.775029e-04
1.768949e-04
1.851903e-04
1.774514e-04
1.775766e-04
1.846041e-04
1.779654e-04
1.792401e-04
1.780417e-04
1.772810e-04
1.787828e-04
1.753092e-04
1.783816e-04
1.780096e-04
1.811130e-04
1.780034e-04
1.787039e-04
1.761847e-04
1.755828e-04
1.789152e-04
1.789113e-04
1.848774e-04
1.742523e-04
1.769200e-04
2.056244e-04
1.962745e-04
1.728524e-04
1.744430e-04
1.777237e-04
1.875900e-04
1.770170e-04
1.760402e-04
1.762530e-04
1.816375e-04
1.905903e-04
1.726522e-04
1.715398e-04
1.713115e-04
1.713643e-04
1.728492e-04
1.753350e-04
1.728949e-04
1.721813e-04
1.729191e-04
1.716649e-04
1.718629e-04
1.719507e-04
1.814892e-04
1.774812e-04
1.716862e-04
1.833777e-04
1.727893e-04
1.735806e-04
1.711167e-04
1.826958e-04
1.772599e-04
1.717789e-04
1.752814e-04
1.726473e-04
1.766231e-04
1.776876e-04
1.757764e-04
1.698799e-04
1.736528e-04
1.694762e-04
1.748814e-04
1.741760e-04
1.744600e-04
1.696074e-04
1.755320e-04
1.689930e-04
1.741632e-04
1.701914e-04
1.791813e-04
1.691352e-04
1.774764e-04
1.694597e-04
1.685545e-04
1.687166e-04
1.808793e-04
1.701596e-04
1.693703e-04
1.707211e-04
1.928917e-04
1.690684e-04
1.728854e-04
1.731968e-04
1.703315e-04
1.684652e-04
1.694001e-04
1.715906e-04
1.845079e-04
1.689380e-04
1.740431e-04
1.794503e-04
1.697234e-04
1.700628e-04
1.775376e-04
1.767295e-04
1.701313e-04
1.689403e-04
1.721427e-04
1.807323e-04
1.710676e-04
1.688099e-04
1.723379e-04
1.705330e-04
1.690262e-04
1.732061e-04
1.688967e-04
1.896058e-04
1.725472e-04
1.741964e-04
1.692820e-04
1.691527e-04
1.674476e-04
1.684084e-04
1.672701e-04
1.687201e-04
1.664154e-04
1.893368e-04
1.870161e-04
1.994660e-04
1.670841e-04
1.661624e-04
1.659493e-04
1.671132e-04
1.687195e-04
1.671910e-04
1.678639e-04
1.669325e-04
1.658390e-04
1.712318e-04
1.944383e-04
1.689821e-04
1.675149e-04
1.670287e-04
1.677385e-04
1.683966e-04
1.707850e-04
1.655609e-04
1.652497e-04
1.662388e-04
1.675530e-04
1.697000e-04
1.665503e-04
1.744197e-04
1.677823e-04
1.741302e-04
1.668033e-04
1.729638e-04
1.732074e-04
1.681997e-04
1.816862e-04
1.659670e-04
1.674503e-04
1.680581e-04
1.663944e-04
1.775455e-04
1.677883e-04
1.672593e-04
1.653911e-04
1.704727e-04
1.696030e-04
1.650645e-04
1.661037e-04
1.707105e-04
1.651369e-04
1.657315e-04
1.646802e-04
1.668190e-04
1.714017e-04
1.640281e-04
1.641507e-04
1.650046e-04
1.770436e-04
1.654689e-04
1.646698e-04
1.655092e-04
1.775267e-04
1.846291e-04
1.649808e-04
1.648074e-04
1.730700e-04
1.691087e-04
1.666172e-04
1.717207e-04
1.658974e-04
1.649632e-04
1.659243e-04
1.662132e-04
1.744542e-04
1.747451e-04
1.678737e-04
1.654007e-04
1.669405e-04
1.678719e-04
1.632004e-04
1.638975e-04
1.635768e-04
1.642400e-04
1.649679e-04
1.649846e-04
1.932455e-04
1.826752e-04
1.634328e-04
1.695575e-04
1.694547e-04
1.771578e-04
1.674092e-04
1.682653e-04
1.639172e-04
1.666600e-04
1.758230e-04
1.636146e-04
1.634649e-04
1.648727e-04
1.656353e-04
1.682033e-04
1.641177e-04
1.705161e-04
1.632182e-04
1.658633e-04
1.641705e-04
1.639091e-04
1.707955e-04
1.657807e-04
1.641761e-04
1.652118e-04
1.642081e-04
1.780884e-04
1.745034e-04
1.635716e-04
1.622788e-04
1.689747e-04
1.639674e-04
1.665317e-04
1.706983e-04
1.639542e-04
1.720923e-04
1.668201e-04
1.637063e-04
1.703853e-04
1.639850e-04
1.845282e-04
1.662550e-04
1.632339e-04
1.625854e-04
1.619688e-04
1.654883e-04
1.630835e-04
1.629717e-04
1.640303e-04
1.626663e-04
1.718534e-04
1.655407e-04
1.615694e-04
1.618545e-04
1.618241e-04
1.623744e-04
1.779913e-04
1.664383e-04
1.709327e-04
1.695842e-04
1.668230e-04
1.641386e-04
1.619735e-04
1.666678e-04
1.664398e-04
1.655303e-04
1.637073e-04
1.826295e-04
1.611969e-04
1.631158e-04
1.617351e-04
1.640761e-04
1.622879e-04
1.701489e-04
1.636380e-04
1.655501e-04
1.694322e-04
1.671206e-04
1.641648e-04
1.630158e-04
1.661226e-04
1.625409e-04
1.674358e-04
1.685735e-04
1.640806e-04
1.610215e-04
1.683865e-04
1.720436e-04
1.610785e-04
1.874895e-04
1.731005e-04
1.668678e-04
1.621170e-04
1.736868e-04
1.656549e-04
1.669347e-04
1.690282e-04
1.787283e-04
1.668324e-04
1.641696e-04
1.612721e-04
1.634170e-04
1.638636e-04
1.644812e-04
1.638112e-04
1.628506e-04
1.669653e-04
1.615124e-04
1.639656e-04
1.621982e-04
1.625026e-04
1.611218e-04
1.643339e-04
1.610694e-04
1.631015e-04
1.623984e-04
1.713319e-04
1.605627e-04
1.607909e-04
1.632097e-04
1.613414e-04
1.640740e-04
1.632993e-04
1.612821e-04
1.772096e-04
1.604703e-04
1.614663e-04
1.618279e-04
1.633322e-04
1.616769e-04
1.615292e-04
1.669213e-04
1.746901e-04
1.627170e-04
1.606158e-04
1.615140e-04
1.704595e-04
1.620309e-04
1.611835e-04
1.660379e-04
1.616038e-04
1.763819e-04
1.789549e-04
1.606491e-04
1.699173e-04
1.640899e-04
1.623393e-04
1.955678e-04
1.597613e-04
1.591769e-04
1.592141e-04
1.648559e-04
1.608864e-04
1.678238e-04
1.600816e-04
1.617385e-04
1.682241e-04
1.673489e-04
1.614176e-04
1.654870e-04
1.762135e-04
1.709781e-04
1.678550e-04
1.621905e-04
1.591476e-04
1.639089e-04
1.662077e-04
1.658087e-04
1.793977e-04
1.586822e-04
1.644180e-04
1.622043e-04
1.725154e-04
1.741650e-04
1.649352e-04
1.587933e-04
1.622612e-04
1.668471e-04
1.781561e-04
1.602876e-04
1.604092e-04
1.668681e-04
1.625959e-04
1.624962e-04
1.601550e-04
1.618660e-04
1.652267e-04
1.589933e-04
1.583222e-04
1.611635e-04
1.596281e-04
1.598993e-04
1.606496e-04
1.644666e-04
1.645574e-04
1.585477e-04
1.598630e-04
1.615405e-04
1.597371e-04
1.807335e-04
1.610954e-04
1.617746e-04
1.779024e-04
1.611282e-04
1.649733e-04
1.624533e-04
1.599755e-04
1.609098e-04
1.619361e-04
1.580014e-04
1.614339e-04
1.651575e-04
1.631179e-04
1.616286e-04
1.607604e-04
1.669123e-04
1.598177e-04
1.627301e-04
1.631044e-04
1.783673e-04
1.578147e-04
1.577926e-04
1.674842e-04
1.589120e-04
1.587599e-04
1.586359e-04
1.637244e-04
1.681409e-04
1.620700e-04
1.724013e-04
1.636424e-04
1.592025e-04
1.585052e-04
1.608662e-04
1.606846e-04
1.652206e-04
1.774715e-04
1.598073e-04
1.603909e-04
1.599695e-04
1.768387e-04
1.580408e-04
1.605013e-04
1.579560e-04
1.773446e-04
1.643410e-04
1.669277e-04
1.607587e-04
1.629194e-04
1.642819e-04
1.614328e-04
1.666540e-04
1.598651e-04
1.574223e-04
1.572560e-04
1.582199e-04
1.575861e-04
1.591937e-04
1.619460e-04
1.608595e-04
1.587019e-04
1.585426e-04
1.626522e-04
1.591775e-04
1.612770e-04
1.601795e-04
1.580851e-04
1.763342e-04
1.574672e-04
1.729369e-04
1.693801e-04
1.597636e-04
1.600456e-04
1.608881e-04
1.618092e-04
1.615523e-04
1.596197e-04
1.630916e-04
1.630358e-04
1.669924e-04
1.575404e-04
1.676862e-04
1.593264e-04
1.579556e-04
1.616089e-04
1.674340e-04
1.590577e-04
1.657408e-04
1.604512e-04
1.581080e-04
1.698843e-04
1.568251e-04
1.673234e-04
1.598163e-04
1.585697e-04
1.594214e-04
1.598528e-04
1.660155e-04
1.624308e-04
1.657413e-04
1.709241e-04
1.602365e-04
1.642812e-04
1.643731e-04
1.573265e-04
1.565348e-04
1.575057e-04
1.794539e-04
1.572147e-04
1.600111e-04
1.582644e-04
1.571440e-04
1.574703e-04
1.594751e-04
1.593856e-04
1.640611e-04
1.566819e-04
1.598478e-04
1.733353e-04
1.583950e-04
1.700955e-04
1.602618e-04
1.628220e-04
1.567842e-04
1.677764e-04
1.604641e-04
1.693164e-04
1.631027e-04
1.594541e-04
1.587538e-04
1.592984e-04
1.594583e-04
1.571007e-04
1.796172e-04
1.616745e-04
1.606190e-04
1.585059e-04
1.681783e-04
1.598093e-04
1.689398e-04
1.576375e-04
1.579514e-04
1.622008e-04
1.933382e-04
1.564608e-04
1.559034e-04
1.698853e-04
1.565348e-04
1.564849e-04
1.620026e-04
1.655120e-04
1.630188e-04
1.649483e-04
1.612950e-04
1.574191e-04
1.576825e-04
1.675804e-04
1.708278e-04
1.643167e-04
1.630949e-04
1.608373e-04
1.604710e-04
1.850392e-04
1.566297e-04
1.575628e-04
1.585649e-04
1.578534e-04
1.609256e-04
1.594551e-04
1.601951e-04
1.698678e-04
1.580483e-04
1.614324e-04
1.561915e-04
1.693049e-04
1.643253e-04
1.571030e-04
1.583400e-04
1.696935e-04
1.585214e-04
1.832781e-04
1.633916e-04
1.634712e-04
1.590414e-04
1.688049e-04
1.555731e-04
1.552889e-04
1.607795e-04
1.562431e-04
1.642171e-04
1.574179e-04
1.625702e-04
1.620215e-04
1.599558e-04
1.603776e-04
1.601826e-04
1.578543e-04
1.561756e-04
1.555965e-04
1.576982e-04
1.696339e-04
1.632940e-04
1.668060e-04
1.731620e-04
1.587298e-04
1.569547e-04
1.576732e-04
1.556781e-04
1.566618e-04
1.643771e-04
1.557041e-04
1.560554e-04
1.607795e-04
1.584103e-04
1.589662e-04
1.604691e-04
1.635153e-04
1.596951e-04
1.593508e-04
1.577060e-04
1.589591e-04
1.570219e-04
2.747437e-04
1.551253e-04
1.548171e-04
1.552584e-04
1.657943e-04
1.557473e-04
1.703534e-04
1.589743e-04
1.646632e-04
1.557922e-04
1.892403e-04
1.576245e-04
1.674903e-04
1.598060e-04
1.620898e-04
1.579883e-04
1.590612e-04
1.567132e-04
1.561906e-04
1.558946e-04
1.556771e-04
1.608955e-04
1.650875e-04
1.576348e-04
1.623276e-04
1.571079e-04
1.562908e-04
1.605944e-04
1.595143e-04
1.580669e-04
1.641948e-04
1.591441e-04
1.607265e-04
1.624511e-04
1.682348e-04
1.544042e-04
1.723214e-04
1.622147e-04
1.545904e-04
1.582389e-04
1.568268e-04
1.552124e-04
1.648115e-04
1.567016e-04
1.559153e-04
1.570725e-04
1.558917e-04
1.589574e-04
1.577037e-04
1.568933e-04
1.570237e-04
1.569739e-04
1.668008e-04
1.556323e-04
1.653061e-04
1.543146e-04
1.539746e-04
1.628080e-04
1.543207e-04
1.578169e-04
1.561766e-04
1.670642e-04
1.578744e-04
1.554277e-04
1.584592e-04
1.638513e-04
1.565015e-04
1.553110e-04
1.559688e-04
1.540212e-04
1.608744e-04
1.557324e-04
1.568158e-04
1.598212e-04
1.648575e-04
1.546039e-04
1.540763e-04
1.606118e-04
1.573127e-04
1.592103e-04
1.552379e-04
1.540103e-04
1.558520e-04
1.580557e-04
1.607259e-04
1.640085e-04
1.560725e-04
1.562358e-04
1.594403e-04
1.543137e-04
1.558413e-04
1.551097e-04
1.594053e-04
1.543857e-04
1.540586e-04
1.547672e-04
1.548896e-04
1.553238e-04
1.810994e-04
1.535841e-04
1.552851e-04
1.538976e-04
1.593163e-04
1.644213e-04
1.559447e-04
1.579849e-04
1.611835e-04
1.550806e-04
1.564993e-04
1.553975e-04
1.638688e-04
1.581227e-04
1.646726e-04
1.556449e-04
1.539437e-04
1.546985e-04
1.672920e-04
1.564911e-04
1.546019e-04
1.663160e-04
1.614738e-04
1.543336e-04
1.607383e-04
1.613037e-04
1.538504e-04
1.569786e-04
1.553120e-04
1.638293e-04
1.534144e-04
1.702591e-04
1.616515e-04
1.543283e-04
1.558286e-04
1.568401e-04
1.542767e-04
1.590020e-04
1.572265e-04
1.529538e-04
1.715513e-04
1.536360e-04
1.645720e-04
1.559009e-04
1.551636e-04
1.534275e-04
1.637855e-04
1.593356e-04
1.557645e-04
1.547441e-04
1.712966e-04
1.578566e-04
1.542292e-04
1.567542e-04
1.595620e-04
1.543401e-04
1.599348e-04
1.546987e-04
1.586137e-04
1.638739e-04
1.611882e-04
1.613588e-04
1.624569e-04
1.538840e-04
1.575540e-04
1.595929e-04
1.532615e-04
1.539385e-04
1.571019e-04
1.563172e-04
1.541044e-04
1.546760e-04
1.548008e-04
1.566243e-04
1.664397e-04
1.554375e-04
1.524784e-04
1.677594e-04
1.852308e-04
1.609065e-04
1.559966e-04
1.570906e-04
1.786112e-04
1.538066e-04
1.558950e-04
1.577464e-04
1.573852e-04
1.559581e-04
1.546329e-04
1.647002e-04
1.533335e-04
1.531620e-04
1.535165e-04
1.603019e-04
1.555956e-04
1.586306e-04
1.803556e-04
1.590474e-04
1.537894e-04
1.563715e-04
1.590702e-04
1.526208e-04
1.556944e-04
1.545711e-04
1.592534e-04
1.583539e-04
1.539286e-04
1.577778e-04
1.573906e-04
1.645073e-04
1.603912e-04
1.668690e-04
1.546148e-04
1.551968e-04
1.562045e-04
1.558318e-04
1.554382e-04
1.536742e-04
1.520117e-04
1.523552e-04
1.551769e-04
1.531358e-04
1.605436e-04
1.563367e-04
1.657741e-04
1.540442e-04
1.542006e-04
1.531347e-04
1.540044e-04
1.673295e-04
1.620827e-04
1.525387e-04
1.541350e-04
1.546203e-04
1.540614e-04
1.770013e-04
1.653777e-04
1.544023e-04
1.567455e-04
1.541786e-04
1.567306e-04
1.540237e-04
1.739861e-04
1.542614e-04
1.517886e-04
1.567516e-04
1.521772e-04
1.527359e-04
1.595384e-04
1.565991e-04
1.535542e-04
1.546932e-04
1.560833e-04
1.528106e-04
1.548821e-04
1.528795e-04
1.626955e-04
1.701849e-04
1.652837e-04
1.557904e-04
1.555380e-04
1.548018e-04
1.591837e-04
1.559433e-04
1.793985e-04
1.517791e-04
1.633566e-04
1.609587e-04
1.673407e-04
1.557942e-04
1.539196e-04
1.800331e-04
1.537356e-04
1.554582e-04
1.711205e-04
1.588542e-04
1.541369e-04
1.546939e-04
1.525195e-04
1.566961e-04
1.610834e-04
1.682014e-04
1.672735e-04
1.549233e-04
1.631576e-04
1.714066e-04
1.570069e-04
1.657649e-04
1.577944e-04
1.547684e-04
1.535261e-04
1.516504e-04
1.559839e-04
1.551055e-04
1.550565e-04
1.595811e-04
1.564538e-04
1.518623e-04
1.515674e-04
1.650085e-04
1.629209e-04
1.534983e-04
1.555420e-04
1.572287e-04
1.544695e-04
1.718715e-04
1.605588e-04
1.697832e-04
1.525709e-04
1.552546e-04
1.665146e-04
1.511732e-04
1.514708e-04
1.573718e-04
1.528145e-04
1.654916e-04
1.620973e-04
1.636476e-04
1.547517e-04
1.521977e-04
1.558043e-04
1.729797e-04
1.519886e-04
1.531991e-04
1.573068e-04
1.568334e-04
1.578011e-04
1.614732e-04
1.536463e-04
1.668372e-04
1.585074e-04
1.526409e-04
1.587389e-04
1.561598e-04
1.516960e-04
1.529155e-04
1.528372e-04
1.573085e-04
1.538748e-04
1.598281e-04
1.807850e-04
1.511144e-04
1.536849e-04
1.514536e-04
1.525844e-04
