3.474145e-04
1.865276e-04
1.773749e-04
1.723027e-04
1.686681e-04
1.662047e-04
1.642917e-04
1.645347e-04
1.631693e-04
1.664498e-04
1.593958e-04
1.744428e-04
1.582122e-04
1.573635e-04
1.566985e-04
1.562698e-04
1.575381e-04
1.565397e-04
1.539490e-04
1.536424e-04
1.548677e-04
1.548311e-04
1.530629e-04
1.512081e-04
1.552441e-04
1.547017e-04
1.500997e-04
1.521213e-04
1.481971e-04
1.512798e-04
1.523495e-04
1.486739e-04
1.686791e-04
1.484758e-04
1.464215e-04
1.459335e-04
1.668263e-04
1.496643e-04
1.552012e-04
1.526484e-04
1.530194e-04
1.462448e-04
1.482761e-04
1.462273e-04
1.439693e-04
1.476929e-04
1.442888e-04
1.480673e-04
1.437498e-04
1.463011e-04
1.848232e-04
1.412354e-04
1.549832e-04
1.422187e-04
1.505131e-04
1.478401e-04
1.430203e-04
1.435245e-04
1.411589e-04
1.537285e-04
1.404789e-04
1.592367e-04
1.419880e-04
1.409763e-04
1.506709e-04
1.559153e-04
1.420331e-04
1.459636e-04
1.406038e-04
1.423192e-04
1.389496e-04
1.392848e-04
1.404800e-04
1.497990e-04
1.459379e-04
1.407641e-04
1.392662e-04
1.393852e-04
1.373667e-04
1.364519e-04
1.372941e-04
1.382901e-04
1.404870e-04
1.430550e-04
1.362943e-04
1.359955e-04
1.355716e-04
1.363982e-04
1.370236e-04
1.353899e-04
1.354256e-04
1.524627e-04
1.392278e-04
1.462074e-04
1.365282e-04
1.385478e-04
1.394961e-04
1.360087e-04
1.349854e-04
1.503374e-04
1.533210e-04
1.356242e-04
1.341390e-04
1.451020e-04
1.463480e-04
1.614860e-04
1.376683e-04
1.364770e-04
1.401005e-04
1.384414e-04
1.338527e-04
1.331126e-04
1.377179e-04
1.334646e-04
1.427717e-04
1.331140e-04
1.357132e-04
1.480399e-04
1.359344e-04
1.351379e-04
1.487276e-04
1.394398e-04
1.327847e-04
1.319186e-04
1.316245e-04
1.316004e-04
1.427797e-04
1.314889e-04
1.411499e-04
1.546109e-04
1.346865e-04
1.342422e-04
1.455784e-04
1.368085e-04
1.345855e-04
1.429331e-04
1.319516e-04
1.314203e-04
1.347518e-04
1.358951e-04
1.367072e-04
1.330834e-04
1.316443e-04
1.483788e-04
1.306469e-04
1.433015e-04
1.313359e-04
1.641034e-04
1.415892e-04
1.373011e-04
1.558259e-04
1.316738e-04
1.322699e-04
1.323322e-04
1.398372e-04
1.312550e-04
1.448176e-04
1.307615e-04
1.334022e-04
1.410463e-04
1.321795e-04
1.379920e-04
1.294956e-04
1.367450e-04
1.430656e-04
1.323991e-04
1.335075e-04
1.322663e-04
1.305242e-04
1.293370e-04
1.340027e-04
1.338101e-04
1.294830e-04
1.363473e-04
1.371219e-04
1.290941e-04
1.429509e-04
1.280843e-04
1.460305e-04
1.446356e-04
1.292757e-04
1.319935e-04
1.287295e-04
1.444266e-04
1.343641e-04
1.342244e-04
1.379788e-04
1.292778e-04
1.289486e-04
1.307711e-04
1.277504e-04
1.281659e-04
1.336756e-04
1.335944e-04
1.304262e-04
1.287528e-04
1.301467e-04
1.284696e-04
1.311224e-04
1.431042e-04
1.291053e-04
1.294757e-04
1.280994e-04
1.271988e-04
1.284129e-04
1.274205e-04
1.273510e-04
1.262894e-04
1.402431e-04
1.271994e-04
1.320954e-04
1.269429e-04
1.445723e-04
1.301881e-04
1.361492e-04
1.291970e-04
1.430257e-04
1.258733e-04
1.335952e-04
1.261821e-04
1.472646e-04
1.295908e-04
1.314702e-04
1.274904e-04
1.265708e-04
1.260654e-04
1.425504e-04
1.274848e-04
1.379780e-04
1.341643e-04
1.273110e-04
1.271821e-04
1.295126e-04
1.261142e-04
1.392955e-04
1.455243e-04
1.478541e-04
1.381411e-04
1.278586e-04
1.313393e-04
1.259251e-04
1.309017e-04
1.254467e-04
1.254994e-04
1.255451e-04
1.248217e-04
1.275332e-04
1.254696e-04
1.257038e-04
1.305647e-04
1.244029e-04
1.308173e-04
1.309788e-04
1.247333e-04
1.295726e-04
1.253089e-04
1.342139e-04
1.267411e-04
1.251169e-04
1.265065e-04
1.251456e-04
1.294528e-04
1.300738e-04
1.325929e-04
1.267742e-04
1.245882e-04
1.323367e-04
1.285020e-04
1.302913e-04
1.461830e-04
1.283930e-04
1.250661e-04
1.318057e-04
1.249439e-04
1.379202e-04
1.299142e-04
1.241908e-04
1.250376e-04
1.242679e-04
1.291818e-04
1.273036e-04
1.227934e-04
1.277816e-04
1.285789e-04
1.233919e-04
1.246262e-04
1.258300e-04
1.271657e-04
1.257701e-04
1.379001e-04
1.239309e-04
1.247543e-04
1.263539e-04
1.260918e-04
1.273962e-04
1.252694e-04
1.228801e-04
1.364431e-04
1.247041e-04
1.265055e-04
1.345039e-04
1.330033e-04
1.224426e-04
1.238621e-04
1.259272e-04
1.590118e-04
1.321999e-04
1.255159e-04
1.223369e-04
1.239842e-04
1.289187e-04
1.254973e-04
1.217934e-04
1.222368e-04
1.235754e-04
1.232783e-04
1.248836e-04
1.947479e-04
1.223896e-04
1.232173e-04
1.225268e-04
1.222840e-04
1.219968e-04
1.241025e-04
1.244351e-04
1.227632e-04
1.247825e-04
1.222562e-04
1.222227e-04
1.250779e-04
1.221426e-04
1.270834e-04
1.240053e-04
1.219428e-04
1.222301e-04
1.224989e-04
1.211936e-04
1.216598e-04
1.235866e-04
1.275722e-04
1.219859e-04
1.230526e-04
1.389944e-04
1.271445e-04
1.264019e-04
1.214982e-04
1.219074e-04
1.279000e-04
1.211103e-04
1.226166e-04
1.234219e-04
1.295468e-04
1.268175e-04
1.315070e-04
1.238391e-04
1.246245e-04
1.610140e-04
1.206534e-04
1.217239e-04
1.215811e-04
1.207833e-04
1.211870e-04
1.273961e-04
1.213840e-04
1.219732e-04
1.276042e-04
1.278622e-04
1.218488e-04
1.236041e-04
1.246650e-04
1.235626e-04
1.295061e-04
1.204055e-04
1.250426e-04
1.217787e-04
1.267234e-04
1.277760e-04
1.254504e-04
1.242763e-04
1.459125e-04
1.206336e-04
1.226121e-04
1.211185e-04
1.250480e-04
1.227752e-04
1.206966e-04
1.220680e-04
1.199631e-04
1.207171e-04
1.241583e-04
1.246183e-04
1.218950e-04
1.201590e-04
1.416132e-04
1.267202e-04
1.254307e-04
1.207964e-04
1.213129e-04
1.199688e-04
1.249011e-04
1.204818e-04
1.439395e-04
1.194620e-04
1.195794e-04
1.223638e-04
1.227817e-04
1.254087e-04
1.205982e-04
1.261830e-04
1.232615e-04
1.255565e-04
1.219371e-04
1.201300e-04
1.218361e-04
1.220679e-04
1.219325e-04
1.294942e-04
1.208618e-04
1.210268e-04
1.361476e-04
1.219532e-04
1.195800e-04
1.192085e-04
1.210651e-04
1.223089e-04
1.326788e-04
1.251496e-04
1.360672e-04
1.201995e-04
1.186123e-04
1.281200e-04
1.239047e-04
1.192059e-04
1.221982e-04
1.190105e-04
1.412765e-04
1.216834e-04
1.207344e-04
1.195365e-04
1.223227e-04
1.206056e-04
1.292423e-04
1.228539e-04
1.193831e-04
1.199958e-04
1.363138e-04
1.190518e-04
1.211226e-04
1.190389e-04
1.274385e-04
1.187457e-04
1.218293e-04
1.332142e-04
1.276975e-04
1.219782e-04
1.188056e-04
1.179273e-04
1.185230e-04
1.249738e-04
1.183529e-04
1.237222e-04
1.206499e-04
1.189454e-04
1.205482e-04
1.201413e-04
1.195550e-04
1.279943e-04
1.214164e-04
1.245984e-04
1.188400e-04
1.201346e-04
1.174591e-04
1.210962e-04
1.205393e-04
1.195228e-04
1.183061e-04
1.195376e-04
1.212222e-04
1.205312e-04
1.188957e-04
1.297930e-04
1.192439e-04
1.208766e-04
1.207326e-04
1.275801e-04
1.233991e-04
1.221837e-04
1.229293e-04
1.276795e-04
1.178936e-04
1.204119e-04
1.175203e-04
1.192320e-04
1.487689e-04
1.268613e-04
1.176090e-04
1.256528e-04
1.172753e-04
1.200194e-04
1.266179e-04
1.169540e-04
1.188361e-04
1.209757e-04
1.239194e-04
1.171018e-04
1.181586e-04
1.173025e-04
1.179845e-04
1.251104e-04
1.170850e-04
1.289487e-04
1.172352e-04
1.366117e-04
1.172950e-04
1.171830e-04
1.173768e-04
1.179883e-04
1.171330e-04
1.161136e-04
1.166334e-04
1.163117e-04
1.177101e-04
1.206100e-04
1.213306e-04
1.170103e-04
1.223582e-04
1.181794e-04
1.266730e-04
1.161164e-04
1.166518e-04
1.264839e-04
1.338934e-04
1.268527e-04
1.164754e-04
1.440106e-04
1.249288e-04
1.160088e-04
1.167372e-04
1.181103e-04
1.192873e-04
1.156977e-04
1.182418e-04
1.193746e-04
1.234806e-04
1.153783e-04
1.177986e-04
1.193427e-04
1.252792e-04
1.418653e-04
1.195319e-04
1.208595e-04
1.366646e-04
1.173266e-04
1.271364e-04
1.164199e-04
1.192168e-04
1.159693e-04
1.192279e-04
1.222206e-04
1.222449e-04
1.285877e-04
1.159537e-04
1.168853e-04
1.167184e-04
1.154342e-04
1.175873e-04
1.160483e-04
1.220686e-04
1.185046e-04
1.175000e-04
1.253863e-04
1.152707e-04
1.161422e-04
1.175798e-04
1.148305e-04
1.161161e-04
1.153817e-04
1.164059e-04
1.146026e-04
1.149251e-04
1.349862e-04
1.170478e-04
1.496068e-04
1.352872e-04
1.143825e-04
1.144807e-04
1.148770e-04
1.148376e-04
1.191721e-04
1.155023e-04
1.154994e-04
1.156529e-04
1.155635e-04
1.179348e-04
1.172607e-04
1.171166e-04
1.167060e-04
1.153705e-04
1.149860e-04
1.282091e-04
1.144190e-04
1.209443e-04
1.191679e-04
1.248758e-04
1.231180e-04
1.151702e-04
1.181572e-04
1.173771e-04
1.321630e-04
1.336246e-04
1.158061e-04
1.242497e-04
1.170155e-04
1.220607e-04
1.137001e-04
1.139572e-04
1.237323e-04
1.141822e-04
1.500731e-04
1.138389e-04
1.448375e-04
1.156782e-04
1.420516e-04
1.195516e-04
1.167066e-04
1.212987e-04
1.174569e-04
1.159240e-04
1.225281e-04
1.216472e-04
1.159827e-04
1.151555e-04
1.137039e-04
1.183015e-04
1.235450e-04
1.204190e-04
1.132198e-04
1.159482e-04
1.140941e-04
1.666465e-04
1.128311e-04
1.140060e-04
1.131004e-04
1.136693e-04
1.140011e-04
1.129180e-04
1.137430e-04
1.136475e-04
1.139462e-04
1.165962e-04
1.154389e-04
1.162466e-04
1.138821e-04
1.160303e-04
1.154949e-04
1.133838e-04
1.172655e-04
1.185411e-04
1.160574e-04
1.140414e-04
1.149577e-04
1.137181e-04
1.150531e-04
1.157276e-04
1.150289e-04
1.144562e-04
1.132127e-04
1.189996e-04
1.178111e-04
1.168852e-04
1.158666e-04
1.176863e-04
1.235721e-04
1.189255e-04
1.127478e-04
1.130462e-04
1.213949e-04
1.271408e-04
1.122240e-04
1.125819e-04
1.133606e-04
1.238651e-04
1.150662e-04
1.136478e-04
1.130407e-04
1.169730e-04
1.126665e-04
1.144804e-04
1.170626e-04
1.135259e-04
1.133149e-04
1.291485e-04
1.201241e-04
1.265134e-04
1.250727e-04
1.172232e-04
1.202587e-04
1.225092e-04
1.164432e-04
1.211194e-04
1.236118e-04
1.116533e-04
1.192271e-04
1.135484e-04
1.137863e-04
1.182998e-04
1.182397e-04
1.133804e-04
1.162343e-04
1.117970e-04
1.114630e-04
1.124067e-04
1.122807e-04
1.129518e-04
1.184983e-04
1.160166e-04
1.144314e-04
1.125211e-04
1.128614e-04
1.168759e-04
1.118610e-04
1.126352e-04
1.213527e-04
1.145886e-04
1.144824e-04
1.314559e-04
1.144764e-04
1.131229e-04
1.121648e-04
1.139798e-04
1.179531e-04
1.144579e-04
1.150591e-04
1.138340e-04
1.133052e-04
1.154027e-04
1.200394e-04
1.226671e-04
1.249508e-04
1.191057e-04
1.137039e-04
1.414480e-04
1.112960e-04
1.168913e-04
1.202920e-04
1.112280e-04
1.132966e-04
1.377476e-04
1.135605e-04
1.171813e-04
1.137192e-04
1.153873e-04
1.148681e-04
1.121363e-04
1.223194e-04
1.115288e-04
1.135712e-04
1.133178e-04
1.315058e-04
1.108222e-04
1.109824e-04
1.113663e-04
1.123934e-04
1.124937e-04
1.193217e-04
1.134163e-04
1.123345e-04
1.153268e-04
1.134601e-04
1.131015e-04
1.115090e-04
1.134669e-04
1.113550e-04
1.124386e-04
1.122548e-04
1.134624e-04
1.114845e-04
1.149532e-04
1.133777e-04
1.111178e-04
1.147462e-04
1.132909e-04
1.122860e-04
1.164011e-04
1.150234e-04
1.149242e-04
1.170437e-04
1.137164e-04
1.152463e-04
1.119366e-04
1.137997e-04
1.444106e-04
1.112105e-04
1.145302e-04
1.127999e-04
1.367175e-04
1.313307e-04
1.122298e-04
1.120432e-04
1.113464e-04
1.132997e-04
1.188039e-04
1.290766e-04
1.106220e-04
1.107867e-04
1.128871e-04
1.107809e-04
1.153605e-04
1.304883e-04
1.100482e-04
1.270097e-04
1.100027e-04
1.110950e-04
1.119395e-04
1.110506e-04
1.147301e-04
1.175610e-04
1.135144e-04
1.209737e-04
1.119261e-04
1.113592e-04
1.130617e-04
1.172203e-04
1.184015e-04
1.178196e-04
1.100318e-04
1.110626e-04
1.200708e-04
1.174922e-04
1.093478e-04
1.118126e-04
1.130933e-04
1.097983e-04
1.134340e-04
1.119920e-04
1.128939e-04
1.132418e-04
1.106481e-04
1.110141e-04
1.110997e-04
1.183110e-04
1.149028e-04
1.117244e-04
1.117045e-04
1.116257e-04
1.099607e-04
1.209817e-04
1.167996e-04
1.176946e-04
1.178573e-04
1.129351e-04
1.156956e-04
1.105558e-04
1.173259e-04
1.106472e-04
1.098222e-04
1.104732e-04
1.107162e-04
1.097175e-04
1.106955e-04
1.114732e-04
1.146608e-04
1.113011e-04
1.201843e-04
1.085294e-04
1.231576e-04
1.162766e-04
1.129009e-04
1.096479e-04
1.182728e-04
1.095703e-04
1.188941e-04
1.146314e-04
1.156319e-04
1.090784e-04
1.109612e-04
1.095857e-04
1.084585e-04
1.115682e-04
1.186370e-04
1.193799e-04
1.129006e-04
1.149534e-04
1.121258e-04
1.115465e-04
1.126040e-04
1.107357e-04
1.154355e-04
1.266854e-04
1.081993e-04
1.125151e-04
1.125828e-04
1.096489e-04
1.143758e-04
1.101412e-04
1.105751e-04
1.089289e-04
1.263758e-04
1.125809e-04
1.108247e-04
1.106882e-04
1.097885e-04
1.085315e-04
1.150357e-04
1.100128e-04
1.088315e-04
1.105384e-04
1.081532e-04
1.105643e-04
1.176955e-04
1.286383e-04
1.172467e-04
1.185561e-04
1.097918e-04
1.220056e-04
1.083300e-04
1.104831e-04
1.113717e-04
1.078739e-04
1.083393e-04
1.119984e-04
1.085118e-04
1.089144e-04
1.080616e-04
1.093573e-04
1.118042e-04
1.095388e-04
1.082181e-04
1.333232e-04
1.089384e-04
1.176862e-04
1.121248e-04
1.100079e-04
1.127823e-04
1.075939e-04
1.164815e-04
1.079642e-04
1.145868e-04
1.181755e-04
1.121376e-04
1.105996e-04
1.122330e-04
1.129868e-04
1.117859e-04
1.106530e-04
1.126657e-04
1.119273e-04
1.267351e-04
1.172531e-04
1.120999e-04
1.083356e-04
1.115304e-04
1.171626e-04
1.166818e-04
1.127089e-04
1.122146e-04
1.347365e-04
1.073573e-04
1.084935e-04
1.077541e-04
1.093651e-04
1.075071e-04
1.078798e-04
1.239262e-04
1.100023e-04
1.088881e-04
1.102687e-04
1.083456e-04
1.088678e-04
1.154167e-04
1.137079e-04
1.089246e-04
1.142912e-04
1.193802e-04
1.116003e-04
1.078326e-04
1.251597e-04
1.159639e-04
1.105645e-04
1.134346e-04
1.132862e-04
1.085803e-04
1.103117e-04
1.235679e-04
1.106697e-04
1.155618e-04
1.097727e-04
1.092704e-04
1.116233e-04
1.198087e-04
1.086763e-04
1.127120e-04
1.115548e-04
1.126196e-04
1.092615e-04
1.086752e-04
1.092899e-04
1.220159e-04
1.106075e-04
1.078473e-04
