3.559742e-04
1.167799e-04
1.056892e-04
9.999277e-05
9.877789e-05
9.391992e-05
9.185628e-05
9.040157e-05
9.128412e-05
8.770186e-05
9.504105e-05
8.620461e-05
8.422578e-05
8.380585e-05
1.222796e-04
8.177518e-05
8.346554e-05
8.131768e-05
7.981285e-05
9.238497e-05
7.909865e-05
7.760953e-05
7.899515e-05
7.904221e-05
7.693932e-05
8.114877e-05
7.511635e-05
7.539086e-05
7.938483e-05
8.548614e-05
7.660163e-05
7.446730e-05
8.651426e-05
7.357211e-05
7.437639e-05
7.640707e-05
7.571509e-05
8.429861e-05
8.779670e-05
7.145262e-05
7.245039e-05
7.340946e-05
6.934987e-05
8.450184e-05
6.901689e-05
7.552176e-05
7.544619e-05
7.250022e-05
7.360120e-05
6.950407e-05
6.978202e-05
7.171775e-05
6.775608e-05
6.731879e-05
6.767747e-05
6.711031e-05
6.760783e-05
6.682404e-05
6.644151e-05
6.941269e-05
6.794980e-05
6.646305e-05
6.599364e-05
7.052503e-05
6.839848e-05
6.710136e-05
6.882061e-05
7.021529e-05
6.544442e-05
6.487731e-05
6.722849e-05
6.928694e-05
6.588286e-05
6.504206e-05
6.941554e-05
6.928734e-05
7.315596e-05
6.470151e-05
6.380965e-05
6.577367e-05
6.379793e-05
6.410984e-05
6.414724e-05
6.362102e-05
6.726984e-05
6.597946e-05
6.528739e-05
6.813294e-05
6.387728e-05
6.366937e-05
6.361315e-05
7.271571e-05
6.362487e-05
6.334721e-05
6.338333e-05
6.333306e-05
6.289868e-05
6.232879e-05
6.553150e-05
6.765866e-05
6.264370e-05
6.483941e-05
7.006602e-05
6.267153e-05
6.343816e-05
7.708040e-05
6.242995e-05
6.451653e-05
7.334530e-05
6.782894e-05
6.207332e-05
7.264644e-05
6.835337e-05
6.473105e-05
6.379659e-05
6.092913e-05
6.664047e-05
6.093200e-05
6.130333e-05
6.346301e-05
6.064153e-05
6.169202e-05
6.391109e-05
6.188853e-05
6.061445e-05
6.276542e-05
6.825957e-05
6.210967e-05
6.329483e-05
6.679074e-05
6.093973e-05
6.386506e-05
6.186822e-05
6.760801e-05
6.386043e-05
7.029746e-05
6.014396e-05
6.064744e-05
6.007096e-05
6.403044e-05
6.459339e-05
6.530800e-05
6.326612e-05
6.620654e-05
6.164605e-05
6.288491e-05
6.244631e-05
5.915590e-05
5.897886e-05
5.975652e-05
5.910379e-05
6.038864e-05
6.133087e-05
6.229657e-05
6.233370e-05
6.348079e-05
6.044159e-05
6.022822e-05
6.675423e-05
5.993893e-05
6.050624e-05
6.292371e-05
6.070962e-05
5.893471e-05
5.852751e-05
6.071393e-05
6.047764e-05
6.800676e-05
6.082697e-05
5.927989e-05
6.080219e-05
5.884065e-05
6.111459e-05
5.844869e-05
6.033130e-05
6.854470e-05
6.302434e-05
5.903609e-05
5.963813e-05
6.148457e-05
7.242099e-05
5.763026e-05
6.112773e-05
5.934780e-05
5.987396e-05
6.072527e-05
6.548312e-05
6.086436e-05
6.104068e-05
5.946681e-05
5.763997e-05
6.044845e-05
5.792110e-05
5.779199e-05
5.863122e-05
5.773314e-05
6.220312e-05
6.055716e-05
5.887318e-05
6.829399e-05
5.864747e-05
5.795898e-05
5.688065e-05
5.676090e-05
5.675985e-05
6.818034e-05
5.696139e-05
5.784698e-05
5.705879e-05
5.727884e-05
5.726437e-05
5.713623e-05
5.845164e-05
5.791551e-05
6.144197e-05
5.955045e-05
5.799908e-05
5.729246e-05
7.205331e-05
5.769250e-05
5.859857e-05
5.672916e-05
5.693149e-05
5.672772e-05
5.875373e-05
5.734359e-05
5.695401e-05
5.647601e-05
5.623055e-05
6.304227e-05
6.336124e-05
5.701434e-05
5.824105e-05
5.683728e-05
5.679629e-05
5.969750e-05
6.186705e-05
5.961021e-05
5.805041e-05
5.877205e-05
6.294000e-05
5.745635e-05
5.581467e-05
5.787120e-05
7.318018e-05
5.547365e-05
5.602547e-05
5.657109e-05
5.949286e-05
5.709211e-05
5.683920e-05
5.840860e-05
5.707920e-05
5.605441e-05
5.976427e-05
5.597912e-05
5.589764e-05
5.592831e-05
6.013644e-05
5.747313e-05
6.328733e-05
5.521212e-05
5.509763e-05
6.115704e-05
5.725957e-05
5.621653e-05
6.094928e-05
6.645469e-05
5.741893e-05
5.945302e-05
5.989396e-05
5.651356e-05
5.577403e-05
5.974186e-05
5.479464e-05
5.776086e-05
5.875025e-05
5.692080e-05
5.681811e-05
5.584377e-05
6.686807e-05
5.532256e-05
5.699466e-05
5.551264e-05
5.537086e-05
6.101013e-05
5.499494e-05
5.616560e-05
5.584707e-05
6.230629e-05
5.799835e-05
5.506627e-05
5.494973e-05
5.689016e-05
5.873519e-05
5.434577e-05
5.641885e-05
5.730888e-05
5.543598e-05
5.600107e-05
5.642095e-05
5.661845e-05
5.610775e-05
5.410239e-05
5.747824e-05
5.958634e-05
5.539752e-05
5.781953e-05
5.636367e-05
5.501568e-05
6.648226e-05
5.824840e-05
6.554192e-05
6.798450e-05
5.536766e-05
6.705027e-05
6.776954e-05
5.427648e-05
5.764224e-05
5.772139e-05
5.769288e-05
5.908414e-05
5.394945e-05
5.372221e-05
5.438555e-05
5.395609e-05
5.372700e-05
6.282821e-05
5.675181e-05
5.866322e-05
5.439068e-05
5.468419e-05
5.574771e-05
6.342691e-05
5.690983e-05
5.636620e-05
5.598574e-05
5.814798e-05
5.669559e-05
5.763297e-05
5.366998e-05
5.379442e-05
6.256688e-05
6.572787e-05
5.347280e-05
5.777767e-05
5.363849e-05
5.480901e-05
5.585590e-05
5.502685e-05
5.516614e-05
5.436207e-05
5.337165e-05
5.565217e-05
5.368882e-05
6.220592e-05
5.588829e-05
5.429337e-05
5.660855e-05
5.404176e-05
5.390943e-05
5.585051e-05
5.632396e-05
5.424820e-05
5.648744e-05
5.670736e-05
6.230015e-05
5.440373e-05
5.420190e-05
5.405594e-05
5.625024e-05
8.251908e-05
5.365707e-05
5.526638e-05
5.607572e-05
5.621826e-05
5.522213e-05
5.331025e-05
5.422881e-05
6.002869e-05
5.423568e-05
6.077887e-05
5.630274e-05
6.058168e-05
5.495355e-05
5.625659e-05
5.468812e-05
5.795495e-05
5.464476e-05
5.315049e-05
6.218807e-05
5.434980e-05
5.401826e-05
6.271781e-05
6.646298e-05
5.402094e-05
5.519750e-05
5.603244e-05
5.586189e-05
5.659506e-05
5.362800e-05
5.291604e-05
5.457140e-05
5.303917e-05
5.597548e-05
5.655168e-05
5.240478e-05
5.765384e-05
5.230062e-05
5.445043e-05
5.344614e-05
5.263420e-05
5.523748e-05
5.242155e-05
5.264162e-05
5.426607e-05
5.509042e-05
5.408036e-05
5.377321e-05
5.336521e-05
5.642421e-05
5.301816e-05
6.364804e-05
5.538663e-05
5.944544e-05
5.328470e-05
6.030541e-05
5.328648e-05
5.282321e-05
5.389752e-05
5.312306e-05
6.334175e-05
5.735984e-05
5.218133e-05
5.190753e-05
5.190996e-05
5.453836e-05
5.487806e-05
5.381168e-05
5.380871e-05
5.607718e-05
5.475977e-05
6.508652e-05
5.430697e-05
5.418599e-05
5.598933e-05
5.464336e-05
5.386087e-05
5.280284e-05
5.299264e-05
5.470979e-05
5.342663e-05
6.466802e-05
5.272695e-05
5.340889e-05
5.321367e-05
5.330684e-05
5.411218e-05
5.217171e-05
5.664459e-05
5.675674e-05
5.167696e-05
5.153481e-05
5.161147e-05
5.386592e-05
5.229890e-05
5.328778e-05
5.345968e-05
5.308503e-05
5.256607e-05
5.246826e-05
5.228348e-05
5.215899e-05
5.842952e-05
5.713017e-05
5.864501e-05
5.208246e-05
5.248408e-05
5.366157e-05
6.146392e-05
5.487165e-05
5.489086e-05
5.230690e-05
5.886870e-05
5.267053e-05
5.321135e-05
5.161644e-05
5.471269e-05
5.254776e-05
5.332169e-05
5.342129e-05
5.654586e-05
5.351942e-05
5.388708e-05
5.790950e-05
5.282475e-05
5.548831e-05
5.130742e-05
5.362873e-05
5.210584e-05
5.353243e-05
5.633359e-05
5.449303e-05
5.461366e-05
5.584960e-05
6.781078e-05
5.117475e-05
5.100753e-05
5.254209e-05
5.139186e-05
5.256816e-05
5.172844e-05
5.706828e-05
5.749938e-05
5.264994e-05
5.325229e-05
5.233261e-05
5.514637e-05
5.810141e-05
5.427881e-05
5.588432e-05
5.457605e-05
5.327113e-05
5.155821e-05
5.181649e-05
5.682540e-05
5.935051e-05
5.383031e-05
5.676443e-05
5.824293e-05
5.322060e-05
5.214799e-05
5.252563e-05
5.078320e-05
5.086170e-05
5.136856e-05
6.159156e-05
5.370447e-05
5.155534e-05
5.694248e-05
5.547963e-05
5.194707e-05
5.706634e-05
5.189923e-05
5.474687e-05
5.440782e-05
5.170748e-05
5.715987e-05
5.258581e-05
5.150054e-05
6.527903e-05
6.661769e-05
5.661537e-05
5.450008e-05
5.100976e-05
5.388736e-05
5.376746e-05
5.160906e-05
5.628378e-05
5.173976e-05
5.335466e-05
5.525290e-05
5.499872e-05
5.406486e-05
5.540616e-05
5.078175e-05
5.051677e-05
5.053078e-05
5.153950e-05
5.100693e-05
5.078820e-05
5.070334e-05
5.240389e-05
5.697774e-05
5.150444e-05
5.154297e-05
6.074808e-05
5.866999e-05
5.193271e-05
5.137429e-05
5.455643e-05
5.750369e-05
5.223317e-05
5.493070e-05
5.572740e-05
5.142004e-05
5.107289e-05
5.342856e-05
5.253565e-05
5.113897e-05
5.047885e-05
5.649639e-05
5.116014e-05
6.306730e-05
5.173873e-05
5.187525e-05
5.189616e-05
5.091699e-05
5.066652e-05
5.122144e-05
5.199068e-05
5.137098e-05
5.127120e-05
5.214558e-05
5.207277e-05
5.230502e-05
5.162153e-05
5.171333e-05
5.111204e-05
5.503149e-05
5.217452e-05
5.001528e-05
5.048121e-05
5.061294e-05
5.324942e-05
5.071589e-05
5.463642e-05
5.056259e-05
5.066998e-05
5.565971e-05
5.034303e-05
5.134536e-05
6.418779e-05
5.459705e-05
5.675696e-05
5.018186e-05
5.028747e-05
5.725724e-05
5.334007e-05
6.227581e-05
4.995596e-05
5.034173e-05
5.491783e-05
5.786858e-05
5.635734e-05
5.268231e-05
5.608471e-05
5.226769e-05
5.042448e-05
5.015120e-05
5.271923e-05
5.195151e-05
6.214424e-05
5.525093e-05
5.401706e-05
5.821079e-05
5.177078e-05
5.531945e-05
5.098787e-05
5.121483e-05
5.152557e-05
5.327277e-05
5.263092e-05
6.367266e-05
4.964271e-05
5.001545e-05
5.413043e-05
5.547424e-05
5.043095e-05
5.081695e-05
5.332114e-05
5.288427e-05
5.095648e-05
6.034935e-05
5.326843e-05
5.146510e-05
5.130627e-05
6.023097e-05
5.314791e-05
5.199309e-05
5.216551e-05
5.636054e-05
5.154272e-05
8.449655e-05
4.951240e-05
5.998223e-05
5.320712e-05
5.114483e-05
4.993573e-05
5.262348e-05
4.978751e-05
5.015198e-05
5.013491e-05
5.164326e-05
5.721331e-05
4.980910e-05
5.121613e-05
5.387450e-05
5.024917e-05
4.939426e-05
4.942745e-05
5.237145e-05
5.110105e-05
5.460977e-05
6.818534e-05
5.446280e-05
5.812845e-05
5.095790e-05
5.533640e-05
5.258994e-05
6.366129e-05
5.027124e-05
5.169580e-05
5.174401e-05
5.128992e-05
6.333244e-05
4.992182e-05
5.472473e-05
5.380793e-05
5.216980e-05
5.380999e-05
5.015773e-05
4.971724e-05
5.619342e-05
5.143810e-05
5.407909e-05
4.980698e-05
5.295549e-05
4.969612e-05
5.047779e-05
5.322806e-05
5.023265e-05
5.005263e-05
4.961438e-05
5.023294e-05
4.976173e-05
5.285485e-05
5.470429e-05
4.923065e-05
5.087761e-05
5.057620e-05
5.430797e-05
4.978230e-05
4.995690e-05
5.154066e-05
5.059059e-05
5.077136e-05
5.596513e-05
5.775061e-05
5.032716e-05
5.225833e-05
5.260451e-05
5.506467e-05
5.031528e-05
5.330650e-05
5.577389e-05
5.160008e-05
5.026716e-05
4.975109e-05
5.271157e-05
5.161593e-05
5.127839e-05
6.688612e-05
5.905469e-05
6.172770e-05
5.128747e-05
5.317696e-05
6.142636e-05
4.909798e-05
4.892464e-05
4.899760e-05
5.141606e-05
4.898281e-05
4.940074e-05
5.021687e-05
5.301361e-05
5.108738e-05
5.020880e-05
5.229138e-05
4.970732e-05
5.154918e-05
5.132679e-05
5.249058e-05
5.298129e-05
5.525973e-05
5.272574e-05
5.259730e-05
5.514369e-05
4.949794e-05
4.972524e-05
4.923675e-05
5.447271e-05
5.391079e-05
5.066715e-05
5.199727e-05
5.113506e-05
5.285952e-05
5.074659e-05
5.294569e-05
5.067942e-05
5.147410e-05
4.908138e-05
4.952421e-05
5.301486e-05
4.961117e-05
5.159529e-05
5.166863e-05
4.899264e-05
5.777135e-05
9.006081e-05
4.875923e-05
4.860928e-05
4.856948e-05
4.890118e-05
5.257030e-05
4.938430e-05
4.979462e-05
4.992281e-05
5.480572e-05
5.221911e-05
6.377130e-05
5.262151e-05
4.938109e-05
5.567478e-05
5.052380e-05
5.381509e-05
4.909189e-05
5.098649e-05
4.925959e-05
5.435483e-05
5.077158e-05
4.979821e-05
4.962356e-05
4.928695e-05
5.405237e-05
5.614774e-05
4.998869e-05
5.532233e-05
6.299715e-05
4.934104e-05
5.022295e-05
5.046144e-05
5.008649e-05
5.074636e-05
5.197042e-05
5.674404e-05
5.011287e-05
5.086459e-05
5.135600e-05
4.959770e-05
5.720987e-05
4.831767e-05
4.830972e-05
4.955044e-05
5.068040e-05
5.027110e-05
4.957002e-05
5.010357e-05
5.500845e-05
4.909281e-05
5.593189e-05
5.191312e-05
4.940834e-05
5.433256e-05
4.929369e-05
5.249119e-05
5.033297e-05
5.173463e-05
4.923024e-05
5.180532e-05
5.551499e-05
5.651915e-05
5.578480e-05
5.090873e-05
5.190975e-05
4.879394e-05
4.836529e-05
4.894829e-05
5.263941e-05
5.328425e-05
4.872573e-05
5.230192e-05
5.093912e-05
5.189887e-05
4.975010e-05
4.882872e-05
5.076843e-05
4.924636e-05
4.961583e-05
6.129921e-05
4.864367e-05
5.213522e-05
4.919737e-05
5.147648e-05
4.803391e-05
8.286303e-05
4.848990e-05
5.199118e-05
5.959111e-05
5.208321e-05
4.863473e-05
5.614222e-05
5.368991e-05
5.010081e-05
5.071984e-05
4.983516e-05
5.104010e-05
5.150911e-05
5.704977e-05
4.991303e-05
4.935346e-05
5.407857e-05
4.858735e-05
4.886327e-05
5.007942e-05
5.166635e-05
5.523917e-05
4.978260e-05
5.030159e-05
6.005972e-05
4.966253e-05
5.216021e-05
5.632348e-05
5.439531e-05
5.066998e-05
4.963787e-05
4.800712e-05
4.934582e-05
4.863648e-05
5.135353e-05
5.093671e-05
4.823104e-05
4.904762e-05
4.839203e-05
4.919431e-05
9.054464e-05
4.776507e-05
7.520340e-05
5.208661e-05
5.435363e-05
4.849078e-05
4.963254e-05
4.815213e-05
5.190260e-05
5.114939e-05
5.032346e-05
4.886068e-05
5.012882e-05
4.856815e-05
5.318040e-05
5.456875e-05
5.427145e-05
4.921909e-05
4.994206e-05
4.885123e-05
6.229448e-05
4.919689e-05
5.771474e-05
4.916426e-05
4.850390e-05
4.860378e-05
5.388706e-05
5.403771e-05
5.217056e-05
4.984310e-05
5.648511e-05
4.784756e-05
4.832949e-05
4.752477e-05
4.953233e-05
5.576479e-05
4.781172e-05
6.066146e-05
4.822690e-05
4.899212e-05
4.900202e-05
5.234195e-05
5.010662e-05
4.978517e-05
5.416329e-05
4.805094e-05
4.943529e-05
4.854683e-05
4.849686e-05
5.600497e-05
4.962093e-05
5.203510e-05
4.992160e-05
4.980457e-05
5.933079e-05
5.061499e-05
5.247713e-05
4.938892e-05
5.757933e-05
4.929185e-05
4.840832e-05
5.211463e-05
4.968347e-05
4.957890e-05
4.927000e-05
4.803366e-05
4.912157e-05
5.048760e-05
5.001060e-05
5.100678e-05
5.304812e-05
4.898889e-05
4.983249e-05
1.385346e-04
4.739293e-05
