7.094484e-01
4.184031e-03
4.179996e-03
4.176484e-03
4.173132e-03
4.169923e-03
4.166689e-03
4.163149e-03
4.158845e-03
4.152941e-03
4.143681e-03
4.127176e-03
4.098280e-03
4.070486e-03
4.043089e-03
3.963271e-03
3.847788e-03
3.754983e-03
3.540398e-03
3.393438e-03
3.361223e-03
3.315191e-03
3.256368e-03
3.202117e-03
3.157157e-03
3.109362e-03
2.994465e-03
2.932284e-03
3.018210e-03
2.853990e-03
2.835296e-03
2.812586e-03
2.788271e-03
2.759746e-03
2.742417e-03
2.738208e-03
2.724373e-03
2.718717e-03
2.758458e-03
2.710565e-03
2.705061e-03
2.720260e-03
2.691857e-03
2.677433e-03
2.661775e-03
2.647707e-03
2.637769e-03
2.620965e-03
2.610671e-03
2.608380e-03
2.598212e-03
2.587124e-03
2.585469e-03
2.710804e-03
2.553442e-03
2.531140e-03
2.516374e-03
2.493005e-03
2.462848e-03
2.427276e-03
2.418002e-03
2.403540e-03
2.435352e-03
2.388716e-03
2.382295e-03
2.373848e-03
2.401055e-03
2.361557e-03
2.353166e-03
2.345986e-03
2.339416e-03
2.327658e-03
2.327568e-03
2.312608e-03
2.306474e-03
2.699948e-03
2.284690e-03
2.280374e-03
2.338198e-03
2.263708e-03
2.264662e-03
2.248657e-03
2.242274e-03
2.228180e-03
2.215913e-03
2.181759e-03
2.118008e-03
2.072760e-03
2.093328e-03
2.027684e-03
2.014273e-03
2.062499e-03
1.997738e-03
2.000168e-03
1.983688e-03
2.084778e-03
1.971072e-03
1.967198e-03
1.962487e-03
1.959761e-03
1.956211e-03
2.394899e-03
1.960666e-03
1.946601e-03
1.943945e-03
1.939675e-03
1.937275e-03
2.161125e-03
1.925067e-03
1.926717e-03
1.909466e-03
1.931659e-03
1.893448e-03
1.886412e-03
1.892847e-03
1.873759e-03
1.869378e-03
1.865414e-03
1.919601e-03
1.852422e-03
1.846906e-03
1.840413e-03
1.835149e-03
1.830912e-03
1.849371e-03
1.817757e-03
1.813511e-03
1.807701e-03
1.801957e-03
1.796238e-03
1.791459e-03
1.805574e-03
1.812860e-03
1.782586e-03
1.843377e-03
1.771963e-03
1.768791e-03
1.763868e-03
1.759726e-03
1.758660e-03
1.752213e-03
1.749632e-03
1.741398e-03
1.734628e-03
1.730385e-03
1.750891e-03
1.715011e-03
1.715783e-03
1.701186e-03
1.745268e-03
1.705654e-03
1.686467e-03
1.683055e-03
1.671466e-03
1.809290e-03
1.678280e-03
1.650783e-03
1.649758e-03
1.638051e-03
1.631522e-03
1.627077e-03
1.624635e-03
2.266265e-03
1.655725e-03
1.627778e-03
1.618423e-03
1.613878e-03
1.608244e-03
1.604330e-03
1.600990e-03
1.601611e-03
1.595846e-03
1.609807e-03
1.590541e-03
1.587356e-03
1.583842e-03
1.596074e-03
1.577125e-03
1.578044e-03
1.568447e-03
1.584023e-03
1.798440e-03
1.552737e-03
1.545206e-03
1.539734e-03
1.533424e-03
1.647861e-03
1.588576e-03
1.514073e-03
1.546662e-03
1.504612e-03
1.500711e-03
1.498391e-03
1.493176e-03
1.494718e-03
1.501028e-03
1.482915e-03
1.479641e-03
1.476791e-03
1.475489e-03
1.492412e-03
1.476189e-03
1.522166e-03
1.589419e-03
1.472341e-03
1.458164e-03
1.447797e-03
1.446961e-03
1.447097e-03
1.437001e-03
1.432521e-03
1.428884e-03
1.425697e-03
1.427237e-03
1.419661e-03
1.504965e-03
1.413689e-03
1.409997e-03
1.406099e-03
1.422101e-03
1.398672e-03
1.394378e-03
1.388709e-03
1.388216e-03
1.379690e-03
1.378913e-03
1.368341e-03
1.362667e-03
1.375448e-03
1.410285e-03
1.406967e-03
1.359381e-03
1.346592e-03
1.339893e-03
1.334160e-03
1.328828e-03
1.324521e-03
1.319152e-03
1.316348e-03
1.442245e-03
1.325948e-03
1.300248e-03
1.295981e-03
1.291175e-03
1.286524e-03
1.292374e-03
1.276728e-03
1.271654e-03
1.274143e-03
1.280916e-03
1.292662e-03
1.251863e-03
1.245589e-03
1.296393e-03
1.236746e-03
1.234634e-03
1.227034e-03
1.221237e-03
1.210255e-03
1.230274e-03
1.201237e-03
1.190292e-03
1.183416e-03
1.177247e-03
1.171492e-03
1.215501e-03
1.169571e-03
1.162649e-03
1.153054e-03
1.147180e-03
1.141651e-03
1.221100e-03
1.133471e-03
1.123819e-03
1.116581e-03
1.133547e-03
1.104061e-03
1.140395e-03
1.091828e-03
1.087265e-03
1.079860e-03
1.141327e-03
1.072904e-03
1.062042e-03
1.061644e-03
1.092643e-03
1.068317e-03
1.049156e-03
1.043064e-03
1.037763e-03
1.032568e-03
1.029174e-03
1.019958e-03
1.013379e-03
1.015163e-03
1.000252e-03
9.924790e-04
9.856288e-04
9.807762e-04
9.747262e-04
9.738000e-04
9.601893e-04
1.041768e-03
9.546502e-04
9.461682e-04
9.349279e-04
9.330682e-04
9.210514e-04
1.009287e-03
9.067718e-04
9.005557e-04
8.991915e-04
8.894029e-04
8.866420e-04
8.816184e-04
9.233035e-04
8.735165e-04
9.073429e-04
8.880753e-04
8.638737e-04
8.717237e-04
8.614038e-04
8.763303e-04
8.506337e-04
8.511877e-04
8.531175e-04
8.414195e-04
8.878965e-04
8.338079e-04
8.292425e-04
8.333903e-04
8.227817e-04
8.204943e-04
8.145166e-04
8.321748e-04
8.037351e-04
8.016601e-04
7.989530e-04
7.927032e-04
7.865640e-04
7.873609e-04
7.796628e-04
7.761308e-04
7.856943e-04
7.697326e-04
7.657026e-04
7.635448e-04
7.588747e-04
7.558635e-04
7.542191e-04
7.487207e-04
7.512715e-04
7.534167e-04
7.396709e-04
7.380238e-04
7.348210e-04
7.324262e-04
7.347406e-04
7.261980e-04
7.235603e-04
7.206352e-04
8.491116e-04
7.170670e-04
7.140040e-04
7.106119e-04
7.081171e-04
7.100278e-04
7.044367e-04
7.026254e-04
6.993665e-04
6.979320e-04
7.121259e-04
7.179204e-04
6.907925e-04
6.900121e-04
6.872922e-04
7.201980e-04
6.845522e-04
6.810471e-04
6.776201e-04
6.758641e-04
6.829742e-04
6.720386e-04
6.744096e-04
6.773030e-04
6.669994e-04
6.669260e-04
6.676608e-04
6.630018e-04
6.732615e-04
6.580431e-04
6.563963e-04
6.563517e-04
6.535154e-04
6.533382e-04
6.541232e-04
6.583608e-04
6.625090e-04
6.649069e-04
6.443840e-04
6.439433e-04
6.393254e-04
6.546568e-04
6.367416e-04
6.363500e-04
6.322621e-04
6.346513e-04
6.351406e-04
6.485020e-04
6.317091e-04
6.429298e-04
6.222604e-04
6.259213e-04
6.187948e-04
6.212941e-04
6.254569e-04
6.541492e-04
6.316178e-04
6.406571e-04
6.160886e-04
6.144214e-04
6.208167e-04
6.040306e-04
6.033301e-04
6.143506e-04
6.235506e-04
6.039218e-04
5.994072e-04
5.943007e-04
5.924085e-04
5.982626e-04
5.925630e-04
5.867177e-04
5.858272e-04
5.891179e-04
5.822745e-04
5.830560e-04
5.812097e-04
5.783550e-04
5.773143e-04
5.990327e-04
5.733024e-04
5.803203e-04
5.718314e-04
5.696659e-04
5.683212e-04
5.671736e-04
5.651326e-04
5.735182e-04
5.902945e-04
5.780904e-04
5.604490e-04
5.589873e-04
5.868546e-04
6.096085e-04
5.549097e-04
5.550843e-04
5.519696e-04
5.971723e-04
5.498512e-04
5.530302e-04
5.489092e-04
5.490356e-04
5.652193e-04
5.461343e-04
5.492512e-04
5.767209e-04
5.541423e-04
5.495326e-04
5.393710e-04
5.395516e-04
5.501227e-04
5.337365e-04
5.375546e-04
5.326555e-04
5.313086e-04
5.365749e-04
5.327509e-04
5.273852e-04
5.485268e-04
5.366274e-04
5.262598e-04
5.232334e-04
5.327304e-04
5.207988e-04
5.225074e-04
5.196078e-04
5.261449e-04
5.265444e-04
5.180413e-04
5.202193e-04
5.230338e-04
5.128459e-04
5.152774e-04
5.116361e-04
5.105529e-04
5.104482e-04
5.343037e-04
5.105801e-04
5.077213e-04
5.099686e-04
5.215597e-04
5.514208e-04
5.028151e-04
5.040743e-04
5.016535e-04
5.015114e-04
4.996102e-04
4.990147e-04
4.975933e-04
5.078819e-04
5.345132e-04
5.136041e-04
4.968198e-04
4.960092e-04
4.959616e-04
4.990578e-04
4.929753e-04
4.963503e-04
4.914441e-04
4.937553e-04
4.931589e-04
5.107884e-04
5.189213e-04
5.005798e-04
4.942202e-04
4.934813e-04
5.023666e-04
4.916356e-04
4.847688e-04
4.918870e-04
4.926658e-04
4.845482e-04
4.831429e-04
4.846166e-04
4.831180e-04
4.807276e-04
4.817388e-04
4.921302e-04
4.844041e-04
4.809631e-04
4.794371e-04
4.800274e-04
4.893325e-04
4.998177e-04
4.778114e-04
4.763438e-04
4.774740e-04
4.950878e-04
4.863419e-04
4.761326e-04
4.727405e-04
4.749936e-04
4.746908e-04
4.730877e-04
4.720868e-04
4.733083e-04
4.726451e-04
4.839285e-04
4.773166e-04
4.710667e-04
4.956354e-04
5.776436e-04
4.719729e-04
4.776004e-04
4.705194e-04
4.673544e-04
4.664797e-04
4.680088e-04
4.686200e-04
5.223959e-04
4.659854e-04
4.653247e-04
4.671646e-04
4.655878e-04
4.654057e-04
4.640409e-04
4.816121e-04
4.804733e-04
4.734003e-04
4.639398e-04
5.264952e-04
5.252286e-04
4.619784e-04
5.014739e-04
4.679980e-04
4.607843e-04
4.705880e-04
4.686711e-04
4.649957e-04
4.615051e-04
4.737849e-04
4.635215e-04
4.561849e-04
4.597156e-04
4.750263e-04
4.610569e-04
4.557042e-04
4.581490e-04
4.583511e-04
4.739056e-04
4.556501e-04
4.542451e-04
4.569789e-04
4.938125e-04
4.983249e-04
4.530757e-04
4.541823e-04
4.535839e-04
4.582289e-04
4.540584e-04
4.691659e-04
4.538834e-04
4.524462e-04
4.962536e-04
4.535103e-04
4.501576e-04
4.490619e-04
4.530964e-04
4.531791e-04
4.508189e-04
4.575505e-04
4.512162e-04
4.702955e-04
4.610631e-04
4.513594e-04
4.494737e-04
4.565719e-04
4.503052e-04
4.469678e-04
4.502860e-04
4.473780e-04
4.602377e-04
4.531942e-04
4.475290e-04
4.556425e-04
4.449421e-04
4.567381e-04
4.465294e-04
4.447987e-04
4.595064e-04
4.453786e-04
4.492046e-04
4.516988e-04
4.431604e-04
4.450620e-04
4.417942e-04
4.470529e-04
4.523352e-04
4.410885e-04
4.417640e-04
4.443190e-04
4.497702e-04
4.392164e-04
4.393758e-04
4.428341e-04
4.396016e-04
4.438601e-04
4.433221e-04
4.659571e-04
4.427259e-04
4.455202e-04
4.584049e-04
4.385267e-04
4.775559e-04
4.405185e-04
4.359304e-04
4.372742e-04
4.364243e-04
4.448328e-04
4.735444e-04
4.607950e-04
4.544805e-04
4.338487e-04
4.340188e-04
5.223834e-04
4.389888e-04
4.361539e-04
4.323456e-04
4.846751e-04
4.317370e-04
4.411905e-04
4.489139e-04
4.340580e-04
4.504212e-04
4.324592e-04
4.650025e-04
4.403812e-04
4.455851e-04
4.383086e-04
4.425878e-04
4.599730e-04
4.312641e-04
4.422055e-04
4.456420e-04
4.385975e-04
4.456211e-04
4.272536e-04
4.429365e-04
4.349590e-04
4.341754e-04
4.274159e-04
4.554211e-04
4.268471e-04
4.253722e-04
4.248950e-04
4.648236e-04
4.283098e-04
4.615270e-04
4.304850e-04
4.277206e-04
4.465935e-04
4.729592e-04
4.240464e-04
4.261416e-04
4.294898e-04
4.251109e-04
4.232838e-04
4.288301e-04
4.229124e-04
4.245073e-04
4.512811e-04
4.465976e-04
4.242379e-04
4.224766e-04
4.235124e-04
4.415036e-04
4.664743e-04
4.197574e-04
4.532069e-04
4.241689e-04
4.321350e-04
4.293155e-04
4.191287e-04
4.284177e-04
4.384867e-04
4.445939e-04
4.191745e-04
4.183463e-04
4.176926e-04
4.176832e-04
4.176205e-04
4.184867e-04
4.169348e-04
4.172718e-04
4.188312e-04
4.204013e-04
4.170786e-04
4.173040e-04
4.210649e-04
4.223749e-04
4.169861e-04
4.182460e-04
4.413751e-04
4.170145e-04
4.151542e-04
4.191140e-04
4.236732e-04
4.200034e-04
4.170772e-04
4.143885e-04
4.133245e-04
4.130357e-04
4.129752e-04
4.180890e-04
4.154624e-04
4.142594e-04
4.136917e-04
4.191970e-04
4.163391e-04
4.128865e-04
4.110514e-04
4.278605e-04
4.106913e-04
4.195914e-04
4.270271e-04
4.123853e-04
4.096472e-04
4.108774e-04
4.143760e-04
4.153014e-04
4.172298e-04
4.178945e-04
4.124311e-04
4.296112e-04
4.091669e-04
4.327528e-04
4.127564e-04
4.124766e-04
4.316371e-04
4.170964e-04
4.073885e-04
4.484558e-04
4.258134e-04
4.099831e-04
4.097609e-04
4.304103e-04
4.459866e-04
4.089867e-04
4.068350e-04
4.187103e-04
4.066273e-04
4.372041e-04
4.092001e-04
4.117297e-04
4.175307e-04
4.107863e-04
4.074149e-04
4.233891e-04
4.058100e-04
4.194100e-04
4.091421e-04
4.053932e-04
4.250835e-04
4.113870e-04
4.075688e-04
4.088242e-04
4.034486e-04
4.057401e-04
4.094446e-04
4.058569e-04
4.103851e-04
4.073612e-04
4.072397e-04
4.090940e-04
4.227154e-04
4.040192e-04
4.117657e-04
4.181084e-04
4.000533e-04
4.007040e-04
4.979298e-04
4.107131e-04
4.011657e-04
4.222122e-04
3.993824e-04
4.085983e-04
4.093765e-04
4.000148e-04
3.985581e-04
3.989982e-04
3.998329e-04
3.998640e-04
4.068070e-04
4.072342e-04
4.052141e-04
4.032142e-04
4.004568e-04
4.067284e-04
3.967525e-04
4.024521e-04
3.964021e-04
3.973063e-04
4.169628e-04
3.963710e-04
4.104243e-04
3.984691e-04
3.970952e-04
4.022357e-04
3.950726e-04
4.045749e-04
3.943445e-04
4.174379e-04
3.970976e-04
3.987594e-04
4.316783e-04
4.014093e-04
3.983638e-04
4.163298e-04
3.951004e-04
3.961672e-04
3.963213e-04
3.922536e-04
4.231205e-04
4.065187e-04
4.103460e-04
3.968740e-04
3.942120e-04
3.919834e-04
3.927805e-04
3.914407e-04
4.022087e-04
3.953526e-04
4.099515e-04
3.903685e-04
3.918943e-04
4.451123e-04
4.151186e-04
3.953580e-04
3.917118e-04
3.908314e-04
3.893845e-04
4.032232e-04
3.890295e-04
3.898470e-04
3.887748e-04
3.965821e-04
5.040190e-04
3.864574e-04
3.865139e-04
4.294193e-04
3.893516e-04
4.029115e-04
3.935246e-04
3.904924e-04
3.871309e-04
3.870646e-04
4.211328e-04
3.909819e-04
4.194654e-04
3.926694e-04
3.878076e-04
3.919160e-04
3.859719e-04
3.974828e-04
3.875711e-04
3.883522e-04
3.924644e-04
3.853187e-04
4.058115e-04
3.838340e-04
3.997151e-04
3.934463e-04
3.867119e-04
3.956240e-04
3.910870e-04
3.872013e-04
3.897838e-04
3.882064e-04
3.987205e-04
3.813760e-04
4.022870e-04
3.857335e-04
4.082256e-04
3.909691e-04
4.340565e-04
3.918973e-04
3.826748e-04
3.890959e-04
3.921124e-04
3.792710e-04
3.858088e-04
3.830074e-04
3.813042e-04
3.823928e-04
3.820708e-04
4.017588e-04
4.403631e-04
4.470595e-04
3.864126e-04
3.810550e-04
3.782378e-04
3.949264e-04
3.818189e-04
3.784399e-04
3.883917e-04
3.816540e-04
3.794170e-04
3.787121e-04
3.815475e-04
3.791641e-04
3.869049e-04
3.930579e-04
3.820999e-04
3.773022e-04
3.980605e-04
3.785632e-04
4.063965e-04
3.783558e-04
3.768055e-04
4.005957e-04
3.817618e-04
3.787330e-04
3.992670e-04
3.820529e-04
4.050182e-04
3.741236e-04
3.772141e-04
3.805837e-04
3.758734e-04
3.772934e-04
3.949405e-04
4.218999e-04
3.772654e-04
3.810494e-04
3.736298e-04
3.826018e-04
3.737276e-04
3.743583e-04
3.730680e-04
3.723162e-04
3.762133e-04
3.810068e-04
3.810966e-04
3.725613e-04
3.757177e-04
3.736669e-04
3.817803e-04
3.852835e-04
3.729691e-04
