4.879452e-17
2.000000e+00
3.000000e+00
1.500000e+00
2.500000e+00
5.710777e-16
9.651038e-17
5.296085e-16
2.000000e+00
8.132642e-16
3.940728e-16
4.359707e-16
4.045803e-16
6.087239e-17
5.863706e-17
2.180594e-16
1.612041e-16
1.081522e-16
1.868933e-16
2.064519e-16
1.065881e-16
1.816288e-16
4.164128e-16
2.160114e-16
3.916297e-16
2.475321e-16
4.543687e-16
7.697344e-17
1.212718e-16
1.212718e-16
2.273427e-16
1.212718e-16
1.471061e-16
2.920689e-16
9.651038e-17
5.450432e-17
2.818122e-16
2.818122e-16
9.651038e-17
2.681548e-16
5.019775e-16
5.298947e-16
2.476212e-16
1.897164e-16
1.355060e-16
1.899122e-16
1.957073e-16
2.069871e-16
6.478687e-17
1.428259e-16
6.414236e-17
3.017190e-16
6.192826e-16
4.094385e-16
7.540079e-17
1.213814e-16
2.273427e-16
1.532450e-16
1.438775e-16
1.313533e-16
2.273427e-16
2.273427e-16
2.273427e-16
2.273427e-16
4.879452e-17
4.879452e-17
4.879452e-17
1.212718e-16
4.879452e-17
2.138091e-16
1.471061e-16
2.818122e-16
2.273427e-16
1.130009e-16
7.980564e-17
3.301852e-16
6.722723e-16
3.632293e-16
5.863706e-17
1.426313e-16
6.478687e-17
1.335109e-16
1.868933e-16
5.280722e-17
5.143204e-17
1.290231e-16
1.444774e-16
5.180426e-16
5.019775e-16
2.105497e-16
1.297329e-16
2.310753e-16
1.212718e-16
2.273427e-16
2.273427e-16
1.212718e-16
1.471061e-16
1.635725e-16
1.471061e-16
2.036893e-16
7.390800e-17
7.390800e-17
4.191833e-16
1.340930e-16
3.916297e-16
2.297843e-16
3.471329e-16
1.207557e-16
7.543752e-17
1.991317e-16
1.957073e-16
1.319987e-16
1.612041e-16
2.773365e-16
6.414236e-17
9.111899e-17
3.849484e-16
4.289311e-16
3.385740e-16
9.171133e-16
2.000000e+00
4.632593e-16
1.598183e-16
5.385543e-16
2.500000e+00
1.500000e+00
3.000000e+00
2.000000e+00
