8.321999e-03
1.996194e+00
2.952317e+00
1.523958e+00
2.437183e+00
6.863694e-02
8.046674e-02
9.069987e-02
1.943669e+00
1.046767e-01
1.086649e-01
1.117163e-01
1.151838e-01
1.187148e-01
1.201430e-01
1.168209e-01
1.052653e-01
8.644033e-02
7.074180e-02
6.555619e-02
6.557307e-02
5.892942e-02
4.767173e-02
4.483633e-02
5.161470e-02
5.132288e-02
4.380561e-02
4.529654e-02
4.561085e-02
4.241043e-02
4.006822e-02
4.119055e-02
3.936802e-02
3.507572e-02
3.811335e-02
3.427795e-02
3.386940e-02
3.442888e-02
3.280941e-02
3.233799e-02
3.209183e-02
3.178893e-02
3.038367e-02
3.100081e-02
2.967084e-02
2.978282e-02
2.894524e-02
2.916034e-02
2.812454e-02
2.853383e-02
2.768105e-02
2.787996e-02
2.728273e-02
2.743979e-02
2.689387e-02
2.705778e-02
2.663254e-02
2.672198e-02
2.643007e-02
2.649505e-02
2.626725e-02
2.635075e-02
2.618152e-02
2.626542e-02
2.616034e-02
2.626542e-02
2.618152e-02
2.635075e-02
2.626725e-02
2.649505e-02
2.643007e-02
2.672198e-02
2.663254e-02
2.705778e-02
2.689387e-02
2.743979e-02
2.728273e-02
2.787996e-02
2.768105e-02
2.853383e-02
2.812454e-02
2.916034e-02
2.894524e-02
2.978282e-02
2.967084e-02
3.100081e-02
3.038367e-02
3.178893e-02
3.209183e-02
3.233799e-02
3.280941e-02
3.442888e-02
3.386940e-02
3.427795e-02
3.811335e-02
3.507572e-02
3.936802e-02
4.119055e-02
4.006822e-02
4.241043e-02
4.561085e-02
4.529654e-02
4.380561e-02
5.132288e-02
5.161470e-02
4.483633e-02
4.767173e-02
5.892942e-02
6.557307e-02
6.555619e-02
7.074180e-02
8.644033e-02
1.052653e-01
1.168209e-01
1.201430e-01
1.187148e-01
1.151838e-01
1.117163e-01
1.086649e-01
1.046767e-01
1.943669e+00
9.069987e-02
8.046674e-02
6.863694e-02
2.437183e+00
1.523958e+00
2.952317e+00
1.996194e+00
