2.711820e+00
2.711737e+00
2.711487e+00
2.710584e+00
2.707256e+00
2.695658e+00
2.658693e+00
2.554898e+00
2.309131e+00
1.842981e+00
1.169308e+00
4.537206e-01
-8.137369e-02
-3.007798e-01
-1.963582e-01
1.437879e-01
5.780649e-01
9.628081e-01
1.195858e+00
1.224229e+00
1.025925e+00
5.979209e-01
-3.733921e-02
-8.192492e-01
-1.649297e+00
-2.410859e+00
-2.995910e+00
-3.321432e+00
-3.333163e+00
-3.007620e+00
-2.362948e+00
-1.474589e+00
-4.762177e-01
4.716458e-01
1.231752e+00
1.718721e+00
1.885600e+00
1.693818e+00
1.117044e+00
1.999359e-01
-9.109254e-01
-2.067762e+00
-3.201530e+00
-4.214993e+00
-4.967737e+00
-5.427878e+00
-5.645329e+00
-5.649488e+00
-5.480407e+00
-5.244726e+00
-5.069795e+00
-5.024377e+00
-5.127366e+00
-5.394952e+00
-5.819740e+00
-6.323633e+00
-6.778347e+00
-7.072622e+00
-7.124879e+00
-6.841435e+00
-6.138322e+00
-5.037975e+00
-3.592477e+00
-1.860640e+00
-2.237797e-03
1.865834e+00
3.590870e+00
5.036915e+00
6.142735e+00
6.838486e+00
7.123469e+00
7.076601e+00
6.780008e+00
6.320198e+00
5.817729e+00
5.396684e+00
5.127808e+00
5.024860e+00
5.074758e+00
5.245989e+00
5.471795e+00
5.646473e+00
5.659593e+00
5.436841e+00
4.949076e+00
4.200457e+00
3.223103e+00
2.083941e+00
8.915796e-01
-2.147141e-01
-1.100468e+00
-1.673165e+00
-1.890455e+00
-1.744285e+00
-1.251155e+00
-4.646120e-01
5.054326e-01
1.500472e+00
2.360550e+00
2.975068e+00
3.295056e+00
3.310668e+00
3.027928e+00
2.468459e+00
1.690657e+00
8.079009e-01
-2.774096e-02
-6.777229e-01
-1.065334e+00
-1.186097e+00
-1.086665e+00
-8.379579e-01
-5.172429e-01
-2.001801e-01
4.119062e-02
1.391225e-01
3.394365e-02
-3.142290e-01
-9.046726e-01
-1.674381e+00
-2.496128e+00
-3.211730e+00
-3.685356e+00
-3.839279e+00
-3.652709e+00
-3.139139e+00
-2.327539e+00
-1.260197e+00
-5.786896e-03
