3.122849e-15
1.228913e+00
2.324732e+00
3.172745e+00
3.692281e+00
3.847325e+00
3.650538e+00
3.160137e+00
2.470134e+00
1.695471e+00
9.543235e-01
3.502801e-01
-4.291284e-02
-1.917272e-01
-1.068176e-01
1.599839e-01
5.251263e-01
8.877440e-01
1.146745e+00
1.217905e+00
1.048297e+00
6.257901e-01
-1.789325e-02
-8.110733e-01
-1.652414e+00
-2.426084e+00
-3.019492e+00
-3.340879e+00
-3.334083e+00
-2.988200e+00
-2.340610e+00
-1.472867e+00
-5.000000e-01
4.452151e-01
1.230692e+00
1.743462e+00
1.905351e+00
1.683607e+00
1.094911e+00
2.022162e-01
-8.950543e-01
-2.075943e+00
-3.215740e+00
-4.203908e+00
-4.959446e+00
-5.441404e+00
-5.652977e+00
-5.638646e+00
-5.474874e+00
-5.255842e+00
-5.076519e+00
-5.015702e+00
-5.121724e+00
-5.403077e+00
-5.825465e+00
-6.315785e+00
-6.772507e+00
-7.080883e+00
-7.130708e+00
-6.833922e+00
-6.139353e+00
-5.042332e+00
-3.587654e+00
-1.865375e+00
0.000000e+00
1.865375e+00
3.587654e+00
5.042332e+00
6.139353e+00
6.833922e+00
7.130708e+00
7.080883e+00
6.772507e+00
6.315785e+00
5.825465e+00
5.403077e+00
5.121724e+00
5.015702e+00
5.076519e+00
5.255842e+00
5.474874e+00
5.638646e+00
5.652977e+00
5.441404e+00
4.959446e+00
4.203908e+00
3.215740e+00
2.075943e+00
8.950543e-01
-2.022162e-01
-1.094911e+00
-1.683607e+00
-1.905351e+00
-1.743462e+00
-1.230692e+00
-4.452151e-01
5.000000e-01
1.472867e+00
2.340610e+00
2.988200e+00
3.334083e+00
3.340879e+00
3.019492e+00
2.426084e+00
1.652414e+00
8.110733e-01
1.789325e-02
-6.257901e-01
-1.048297e+00
-1.217905e+00
-1.146745e+00
-8.877440e-01
-5.251263e-01
-1.599839e-01
1.068176e-01
1.917272e-01
4.291284e-02
-3.502801e-01
-9.543235e-01
-1.695471e+00
-2.470134e+00
-3.160137e+00
-3.650538e+00
-3.847325e+00
-3.692281e+00
-3.172745e+00
-2.324732e+00
-1.228913e+00
-3.122849e-15
